alphas_levels = [0.001,0.01,0.1,0.25,0.5,0.75,0.9,0.99,0.999]

Results full model:
[[2.1443825e+00, 3.8804812e-04, 5.9103978e-01],
 [2.1169543e+00, 5.0217990e-04, 6.0143459e-01],
 [2.1101706e+00, 6.1631174e-04, 6.0398489e-01],
 [2.1186385e+00, 4.5652720e-04, 6.0080016e-01],
 [2.1202919e+00, 1.2326235e-03, 6.0017681e-01],
 [2.0670333e+00, 1.0500125e-03, 6.2001050e-01],
 [2.0482650e+00, 2.6022049e-03, 6.2687969e-01],
 [2.0374932e+00, 3.6293913e-03, 6.3079381e-01]]


Results median prob model:
[[  2.14488482,  17., 0.59084809],
 [  2.11656117,  22., 0.60158259],
 [  2.11164379,  27., 0.6034317 ],
 [  2.11894608,  20., 0.60068429],
 [  2.11989951,  54., 0.60032481],
 [  2.06793904,  46., 0.61967748],
 [  2.04771638, 114., 0.62707949],
 [  2.03977776, 159., 0.62996542]]